101

Na 0.000000 0.000000 0.000000 
Na -0.439385 0.340991 -0.409649 
Na -0.064726 0.165374 0.058022 
Na -0.189296 -0.594443 -0.234749 
Na -0.198170 0.589275 0.372947 
Na 0.047738 0.854155 0.199451 
Na -0.311010 0.000023 0.583405 
Na -0.644681 -0.588630 0.204828 
Na -0.099105 -0.313656 0.912436 
Na 0.424994 0.661035 0.383312 
Na 0.215451 -0.510401 -0.292040 
Na -0.133524 -0.501865 -0.260228 
Na 0.417951 -0.866560 -0.030628 
Na -0.275772 -0.400595 -0.464366 
Na 0.252615 -0.920452 0.161806 
Na -0.111530 -0.134853 0.161603 
Na 0.412044 -0.071498 -0.022534 
Na -0.605090 -0.207340 0.515350 
Na 0.166465 0.365184 0.594708 
Na -0.621058 -0.086736 0.320258 
Na 0.457692 -0.041985 -0.827598 
Na -0.673129 -0.126114 -0.076811 
Na -0.092288 0.246091 -0.956377 
Na -0.827238 0.206720 0.278743 
Na -0.173255 -0.114881 0.510208 
Na 0.655855 -0.701016 0.160954 
Na 0.131558 0.497398 -0.531253 
Na 0.609298 0.683261 -0.027355 
Na -0.026225 0.273457 -0.108361 
Na -0.110673 0.068890 0.602147 
Na -0.618074 0.311146 -0.675943 
Na 0.747613 0.326081 0.188536 
Na 0.858749 -0.308539 0.319478 
Na 0.306539 0.143100 0.813726 
Na -0.394640 0.805869 -0.079876 
Na -0.558585 0.301593 -0.637668 
Na 0.218394 0.045764 0.315339 
Na -0.023517 0.536647 -0.640562 
Na 0.390811 0.638545 0.360971 
Na -0.388168 0.702775 0.438837 
Na 0.614598 0.240272 0.636322 
Na -0.673166 0.457347 -0.031746 
Na 0.022083 0.775289 -0.161875 
Na -0.864140 -0.105925 -0.131150 
Na -0.709094 -0.642159 -0.125066 
Na 0.139621 0.388106 -0.542124 
Na 0.861930 0.022737 -0.213959 
Na 0.490882 -0.217292 0.216881 
Na 0.153362 0.851478 -0.390579 
Na -0.058711 -0.009609 -0.201149 
Na -0.030750 0.206231 0.580351 
Cl 0.819072 -0.005430 -0.518069 
Cl -0.215578 0.075835 -0.873755 
Cl 0.357110 0.224735 -0.158173 
Cl -0.251165 -0.532805 -0.127179 
Cl 0.570293 -0.452730 0.544022 
Cl -0.204069 0.198722 0.509900 
Cl -0.232844 -0.425258 -0.116567 
Cl 0.673474 0.183738 0.713926 
Cl 0.954901 -0.022872 0.010580 
Cl 0.220228 -0.471268 -0.518322 
Cl -0.423478 0.214505 -0.109676 
Cl 0.533491 0.077729 0.500956 
Cl -0.143025 -0.766361 0.141980 
Cl 0.375605 0.057644 0.115950 
Cl -0.238539 -0.336943 -0.440792 
Cl -0.526466 0.289544 -0.385617 
Cl -0.372070 -0.594814 0.271425 
Cl 0.441941 0.146705 0.223675 
Cl -0.868934 -0.242222 -0.228025 
Cl 0.342440 0.598312 0.303125 
Cl 0.153851 -0.091447 -0.493948 
Cl 0.260915 -0.546183 0.480771 
Cl -0.075364 0.304689 0.125402 
Cl -0.797820 -0.248778 -0.197916 
Cl 0.498049 -0.452146 -0.553333 
Cl -0.216698 0.063218 -0.214691 
Cl 0.523208 0.593634 -0.199152 
Cl 0.532666 0.190337 0.464124 
Cl -0.171308 -0.354890 -0.229905 
Cl -0.086044 -0.526376 -0.557873 
Cl 0.065750 -0.080894 -0.261179 
Cl 0.221076 -0.166779 0.759580 
Cl -0.640677 -0.513681 0.296153 
Cl -0.155810 -0.044350 0.122659 
Cl -0.474230 -0.569014 -0.484910 
Cl 0.865519 0.197826 -0.423420 
Cl -0.295733 0.317184 -0.883147 
Cl -0.107858 0.375755 0.844445 
Cl -0.195632 -0.367467 0.300691 
Cl 0.256390 -0.098916 -0.769701 
Cl 0.749313 -0.077356 0.290392 
Cl -0.355985 0.058965 -0.210724 
Cl -0.250887 -0.010687 0.022352 
Cl -0.243339 0.317711 0.795387 
Cl 0.270642 0.165536 0.201890 
Cl 0.062443 -0.866113 0.166422 
Cl 0.258716 0.321165 0.538271 
Cl -0.664634 0.450945 0.474163 
Cl -0.373837 -0.611355 0.376910 
Cl 0.085450 -0.274821 0.924781 
